Altitude	Mach	PSFC	SHP	Throttle
0	0.01	0.274497512	2415.749989	1
862.0689655	0.01	0.269320473	2415.749989	1
1724.137931	0.01	0.264214055	2415.749989	1
2586.206897	0.01	0.25917768	2415.749989	1
3448.275862	0.01	0.254210771	2415.749989	1
4310.344828	0.01	0.249312753	2415.749989	1
5172.413793	0.01	0.244483049	2415.749989	1
6034.482759	0.01	0.239721087	2415.749989	1
6896.551724	0.01	0.23502629	2415.749989	1
7758.62069	0.01	0.230398088	2415.749989	1
8620.689655	0.01	0.225835907	2415.749989	1
9482.758621	0.01	0.224593755	2380.743458	1
10344.82759	0.01	0.223422186	2345.308133	1
11206.89655	0.01	0.222349808	2309.167666	1
12068.96552	0.01	0.221289541	2273.248386	1
12931.03448	0.01	0.2202412	2237.55507	1
13793.10345	0.01	0.219204557	2202.092833	1
14655.17241	0.01	0.218179327	2166.867252	1
15517.24138	0.01	0.217262038	2130.933792	1
16379.31034	0.01	0.216279246	2096.010469	1
17241.37931	0.01	0.215311463	2061.301843	1
18103.44828	0.01	0.214359275	2026.806284	1
18965.51724	0.01	0.21342344	1992.520791	1
19827.58621	0.01	0.212387188	1959.526475	1
20689.65517	0.01	0.211454313	1925.93098	1
21551.72414	0.01	0.21053148	1892.608101	1
22413.7931	0.01	0.209739283	1858.490655	1
23275.86207	0.01	0.208874484	1825.401626	1
24137.93103	0.01	0.207914411	1793.508323	1
25000	0.01	0.207045474	1761.189845	1
0	0.05	0.27468831	2415.749989	1
862.0689655	0.05	0.269507424	2415.749989	1
1724.137931	0.05	0.264397212	2415.749989	1
2586.206897	0.05	0.259357099	2415.749989	1
3448.275862	0.05	0.254386506	2415.749989	1
4310.344828	0.05	0.249484856	2415.749989	1
5172.413793	0.05	0.244651576	2415.749989	1
6034.482759	0.05	0.239886088	2415.749989	1
6896.551724	0.05	0.235187819	2415.749989	1
7758.62069	0.05	0.230556196	2415.749989	1
8620.689655	0.05	0.225990646	2415.749989	1
9482.758621	0.05	0.224461153	2383.779565	1
10344.82759	0.05	0.223291309	2348.285644	1
11206.89655	0.05	0.222221496	2312.076605	1
12068.96552	0.05	0.221163745	2276.089941	1
12931.03448	0.05	0.22011787	2240.330442	1
13793.10345	0.05	0.219083641	2204.803249	1
14655.17241	0.05	0.21806077	2169.513968	1
15517.24138	0.05	0.217146999	2133.504443	1
16379.31034	0.05	0.21616671	2098.517243	1
17241.37931	0.05	0.215201425	2063.745501	1
18103.44828	0.05	0.214251737	2029.187502	1
18965.51724	0.05	0.213318417	1994.840141	1
19827.58621	0.05	0.212282925	1961.802649	1
20689.65517	0.05	0.211352121	1928.15098	1
21551.72414	0.05	0.210431263	1894.773493	1
22413.7931	0.05	0.209643071	1860.582408	1
23275.86207	0.05	0.20878075	1827.435509	1
24137.93103	0.05	0.207820926	1795.505866	1
25000	0.05	0.206953719	1763.137613	1
0	0.12	0.275635257	2415.749989	1
862.0689655	0.12	0.270435275	2415.749989	1
1724.137931	0.12	0.26530624	2415.749989	1
2586.206897	0.12	0.260247573	2415.749989	1
3448.275862	0.12	0.255258694	2415.749989	1
4310.344828	0.12	0.250339025	2415.749989	1
5172.413793	0.12	0.245487988	2415.749989	1
6034.482759	0.12	0.240705007	2415.749989	1
6896.551724	0.12	0.235989504	2415.749989	1
7758.62069	0.12	0.231340905	2415.749989	1
8620.689655	0.12	0.226758635	2415.749989	1
9482.758621	0.12	0.223806896	2398.85995	1
10344.82759	0.12	0.222645371	2363.076721	1
11206.89655	0.12	0.221588186	2326.526891	1
12068.96552	0.12	0.220542823	2290.20537	1
12931.03448	0.12	0.219509087	2254.117031	1
13793.10345	0.12	0.218486734	2218.267134	1
14655.17241	0.12	0.217475459	2182.661442	1
15517.24138	0.12	0.216579274	2146.271266	1
16379.31034	0.12	0.215611352	2110.966311	1
17241.37931	0.12	0.214658412	2075.880532	1
18103.44828	0.12	0.213721093	2041.011786	1
18965.51724	0.12	0.212699187	2007.309487	1
19827.58621	0.12	0.211768083	1973.10823	1
20689.65517	0.12	0.210847435	1939.177846	1
21551.72414	0.12	0.21003722	1904.613525	1
22413.7931	0.12	0.209168349	1870.967455	1
23275.86207	0.12	0.208318363	1837.532041	1
24137.93103	0.12	0.207359108	1805.42767	1
25000	0.12	0.206600974	1771.949339	1
0	0.15	0.27628068	2415.749989	1
862.0689655	0.15	0.271067684	2415.749989	1
1724.137931	0.15	0.26592582	2415.749989	1
2586.206897	0.15	0.260854507	2415.749989	1
3448.275862	0.15	0.255853165	2415.749989	1
4310.344828	0.15	0.250921215	2415.749989	1
5172.413793	0.15	0.246058076	2415.749989	1
6034.482759	0.15	0.241263171	2415.749989	1
6896.551724	0.15	0.236535922	2415.749989	1
7758.62069	0.15	0.231875752	2415.749989	1
8620.689655	0.15	0.227282086	2415.749989	1
9482.758621	0.15	0.223364615	2409.14978	1
10344.82759	0.15	0.222208529	2373.170873	1
11206.89655	0.15	0.221159853	2336.388333	1
12068.96552	0.15	0.220122837	2299.838185	1
12931.03448	0.15	0.219097277	2263.525367	1
13793.10345	0.15	0.218082921	2227.455222	1
14655.17241	0.15	0.217079448	2191.633634	1
15517.24138	0.15	0.216195377	2154.980912	1
16379.31034	0.15	0.215235829	2119.45867	1
17241.37931	0.15	0.214291257	2084.158087	1
18103.44828	0.15	0.213362332	2049.07671	1
18965.51724	0.15	0.212343664	2015.218454	1
19827.58621	0.15	0.211419647	1980.822316	1
20689.65517	0.15	0.210505805	1946.702076	1
21551.72414	0.15	0.20970814	1911.892979	1
22413.7931	0.15	0.208847442	1878.048887	1
23275.86207	0.15	0.207906738	1845.295186	1
24137.93103	0.15	0.207046362	1812.197846	1
25000	0.15	0.206301655	1778.48005	1
0	0.18	0.277070479	2415.749989	1
862.0689655	0.18	0.271841557	2415.749989	1
1724.137931	0.18	0.266683995	2415.749989	1
2586.206897	0.18	0.261597208	2415.749989	1
3448.275862	0.18	0.256580616	2415.749989	1
4310.344828	0.18	0.251633637	2415.749989	1
5172.413793	0.18	0.24675569	2415.749989	1
6034.482759	0.18	0.241946194	2415.749989	1
6896.551724	0.18	0.237204572	2415.749989	1
7758.62069	0.18	0.232530243	2415.749989	1
8620.689655	0.18	0.227922631	2415.749989	1
9482.758621	0.18	0.223381159	2415.749989	1
10344.82759	0.18	0.221677692	2385.537104	1
11206.89655	0.18	0.220639323	2348.46933	1
12068.96552	0.18	0.219612414	2311.63899	1
12931.03448	0.18	0.218596752	2275.051105	1
13793.10345	0.18	0.217592072	2238.711133	1
14655.17241	0.18	0.216598037	2202.625113	1
15517.24138	0.18	0.215728942	2165.647521	1
16379.31034	0.18	0.214779586	2129.858586	1
17241.37931	0.18	0.213845205	2094.294288	1
18103.44828	0.18	0.212926514	2058.95177	1
18965.51724	0.18	0.211911412	2024.905943	1
19827.58621	0.18	0.210995951	1990.271329	1
20689.65517	0.18	0.210090308	1955.918937	1
21551.72414	0.18	0.209308358	1920.805197	1
22413.7931	0.18	0.208457671	1886.717578	1
23275.86207	0.18	0.207518879	1853.801352	1
24137.93103	0.18	0.206665829	1820.491165	1
25000	0.18	0.205938188	1786.473065	1
0	0.22	0.278349123	2415.749989	1
862.0689655	0.22	0.273094422	2415.749989	1
1724.137931	0.22	0.267911445	2415.749989	1
2586.206897	0.22	0.262799609	2415.749989	1
3448.275862	0.22	0.257758329	2415.749989	1
4310.344828	0.22	0.25278702	2415.749989	1
5172.413793	0.22	0.247885099	2415.749989	1
6034.482759	0.22	0.243051983	2415.749989	1
6896.551724	0.22	0.23828709	2415.749989	1
7758.62069	0.22	0.23358984	2415.749989	1
8620.689655	0.22	0.228959651	2415.749989	1
9482.758621	0.22	0.224395944	2415.749989	1
10344.82759	0.22	0.220826852	2405.590296	1
11206.89655	0.22	0.219804924	2368.059675	1
12068.96552	0.22	0.218794133	2330.77476	1
12931.03448	0.22	0.217794247	2293.740724	1
13793.10345	0.22	0.21680498	2256.963232	1
14655.17241	0.22	0.215928888	2219.390196	1
15517.24138	0.22	0.214981513	2182.936171	1
16379.31034	0.22	0.214048529	2146.713556	1
17241.37931	0.22	0.213130544	2110.720242	1
18103.44828	0.22	0.212130047	2075.914185	1
18965.51724	0.22	0.21121804	2040.611531	1
19827.58621	0.22	0.210316152	2005.590936	1
20689.65517	0.22	0.209520318	1969.952201	1
21551.72414	0.22	0.208667888	1935.243328	1
22413.7931	0.22	0.207833456	1900.758424	1
23275.86207	0.22	0.206896306	1867.591665	1
24137.93103	0.22	0.206054669	1833.938851	1
25000	0.22	0.205356337	1799.415554	1
0	0.25	0.279478182	2415.749989	1
862.0689655	0.25	0.274200717	2415.749989	1
1724.137931	0.25	0.268995302	2415.749989	1
2586.206897	0.25	0.263861348	2415.749989	1
3448.275862	0.25	0.258798269	2415.749989	1
4310.344828	0.25	0.253805477	2415.749989	1
5172.413793	0.25	0.248882388	2415.749989	1
6034.482759	0.25	0.244028415	2415.749989	1
6896.551724	0.25	0.239242975	2415.749989	1
7758.62069	0.25	0.234525485	2415.749989	1
8620.689655	0.25	0.22987536	2415.749989	1
9482.758621	0.25	0.22529202	2415.749989	1
10344.82759	0.25	0.220774884	2415.749989	1
11206.89655	0.25	0.21907654	2385.390887	1
12068.96552	0.25	0.218079729	2347.703632	1
12931.03448	0.25	0.21709352	2310.274832	1
13793.10345	0.25	0.216117603	2273.110356	1
14655.17241	0.25	0.215262378	2235.0658	1
15517.24138	0.25	0.214329348	2198.222317	1
16379.31034	0.25	0.213410701	2161.614723	1
17241.37931	0.25	0.212507098	2125.240366	1
18103.44828	0.25	0.211512097	2090.154807	1
18965.51724	0.25	0.210612251	2054.502664	1
19827.58621	0.25	0.209722053	2019.141487	1
20689.65517	0.25	0.2089477	1983.06496	1
21551.72414	0.25	0.208109259	1948.001524	1
22413.7931	0.25	0.207190699	1914.072464	1
23275.86207	0.25	0.206351898	1879.789236	1
24137.93103	0.25	0.2056267	1844.8771	1
25000	0.25	0.204849389	1810.844569	1
0	0.28	0.280753903	2415.749989	1
862.0689655	0.28	0.275450722	2415.749989	1
1724.137931	0.28	0.270219955	2415.749989	1
2586.206897	0.28	0.265061012	2415.749989	1
3448.275862	0.28	0.259973303	2415.749989	1
4310.344828	0.28	0.254956239	2415.749989	1
5172.413793	0.28	0.250009233	2415.749989	1
6034.482759	0.28	0.245131695	2415.749989	1
6896.551724	0.28	0.240323039	2415.749989	1
7758.62069	0.28	0.23558268	2415.749989	1
8620.689655	0.28	0.23091003	2415.749989	1
9482.758621	0.28	0.226304506	2415.749989	1
10344.82759	0.28	0.221765525	2415.749989	1
11206.89655	0.28	0.218262829	2405.010341	1
12068.96552	0.28	0.217281534	2366.867471	1
12931.03448	0.28	0.216310493	2328.991779	1
13793.10345	0.28	0.215448941	2290.330395	1
14655.17241	0.28	0.214518147	2252.801911	1
15517.24138	0.28	0.21360118	2215.516161	1
16379.31034	0.28	0.212698607	2178.47119	1
17241.37931	0.28	0.21181116	2141.663669	1
18103.44828	0.28	0.210821306	2106.271546	1
18965.51724	0.28	0.209934892	2070.224517	1
19827.58621	0.28	0.209057557	2034.478994	1
20689.65517	0.28	0.208308441	1997.893549	1
21551.72414	0.28	0.207485835	1962.42616	1
22413.7931	0.28	0.206569858	1928.231274	1
23275.86207	0.28	0.205742558	1893.595644	1
24137.93103	0.28	0.205044714	1858.182611	1
25000	0.28	0.204178602	1824.701644	1
0	0.3	0.281686307	2415.749989	1
862.0689655	0.3	0.276364331	2415.749989	1
1724.137931	0.3	0.271115036	2415.749989	1
2586.206897	0.3	0.26593783	2415.749989	1
3448.275862	0.3	0.260832121	2415.749989	1
4310.344828	0.3	0.255797318	2415.749989	1
5172.413793	0.3	0.250832831	2415.749989	1
6034.482759	0.3	0.245938071	2415.749989	1
6896.551724	0.3	0.241112447	2415.749989	1
7758.62069	0.3	0.236355373	2415.749989	1
8620.689655	0.3	0.231666261	2415.749989	1
9482.758621	0.3	0.227044523	2415.749989	1
10344.82759	0.3	0.222489576	2415.749989	1
11206.89655	0.3	0.218000832	2415.749989	1
12068.96552	0.3	0.216704081	2380.898178	1
12931.03448	0.3	0.215743935	2342.695337	1
13793.10345	0.3	0.214899205	2303.638028	1
14655.17241	0.3	0.213980072	2265.780889	1
15517.24138	0.3	0.213074752	2228.170353	1
16379.31034	0.3	0.212183852	2190.804044	1
17241.37931	0.3	0.211207651	2154.702977	1
18103.44828	0.3	0.210321302	2118.068833	1
18965.51724	0.3	0.209444492	2081.733292	1
19827.58621	0.3	0.20867475	2044.742357	1
20689.65517	0.3	0.207846383	2008.739308	1
21551.72414	0.3	0.207035389	1972.974246	1
22413.7931	0.3	0.206120168	1938.595351	1
23275.86207	0.3	0.205394944	1902.832392	1
24137.93103	0.3	0.204624388	1867.909238	1
25000	0.3	0.203757362	1834.265642	1
0	0.32	0.282684588	2415.749989	1
862.0689655	0.32	0.27734249	2415.749989	1
1724.137931	0.32	0.272073359	2415.749989	1
2586.206897	0.32	0.266876601	2415.749989	1
3448.275862	0.32	0.261751621	2415.749989	1
4310.344828	0.32	0.256697826	2415.749989	1
5172.413793	0.32	0.251714625	2415.749989	1
6034.482759	0.32	0.246801426	2415.749989	1
6896.551724	0.32	0.241957636	2415.749989	1
7758.62069	0.32	0.237182667	2415.749989	1
8620.689655	0.32	0.232475929	2415.749989	1
9482.758621	0.32	0.227836832	2415.749989	1
10344.82759	0.32	0.22326479	2415.749989	1
11206.89655	0.32	0.218759215	2415.749989	1
12068.96552	0.32	0.216091286	2395.942902	1
12931.03448	0.32	0.215142625	2357.389349	1
13793.10345	0.32	0.214316153	2317.901882	1
14655.17241	0.32	0.213409411	2279.691477	1
15517.24138	0.32	0.21251648	2241.731721	1
16379.31034	0.32	0.211638016	2204.019746	1
17241.37931	0.32	0.210666315	2167.667449	1
18103.44828	0.32	0.209790449	2130.716532	1
18965.51724	0.32	0.208923717	2094.072295	1
19827.58621	0.32	0.208172753	2056.682655	1
20689.65517	0.32	0.207356493	2020.358047	1
21551.72414	0.32	0.206459759	1985.215887	1
22413.7931	0.32	0.205642402	1949.706885	1
23275.86207	0.32	0.204936953	1913.557431	1
24137.93103	0.32	0.204179127	1878.32364	1
25000	0.32	0.203309444	1844.52129	1
0	0.35	0.284306217	2415.749989	1
862.0689655	0.35	0.278931437	2415.749989	1
1724.137931	0.35	0.273630088	2415.749989	1
2586.206897	0.35	0.26840157	2415.749989	1
3448.275862	0.35	0.263245288	2415.749989	1
4310.344828	0.35	0.258160645	2415.749989	1
5172.413793	0.35	0.253147046	2415.749989	1
6034.482759	0.35	0.248203894	2415.749989	1
6896.551724	0.35	0.243330597	2415.749989	1
7758.62069	0.35	0.238526559	2415.749989	1
8620.689655	0.35	0.233791189	2415.749989	1
9482.758621	0.35	0.229123895	2415.749989	1
10344.82759	0.35	0.224524084	2415.749989	1
11206.89655	0.35	0.219991167	2415.749989	1
12068.96552	0.35	0.215524554	2415.749989	1
12931.03448	0.35	0.214281111	2380.15367	1
13793.10345	0.35	0.213381043	2341.106942	1
14655.17241	0.35	0.212494237	2302.319515	1
15517.24138	0.35	0.21162127	2263.789066	1
16379.31034	0.35	0.210665517	2226.540476	1
17241.37931	0.35	0.209797015	2188.765035	1
18103.44828	0.35	0.20893776	2151.29959	1
18965.51724	0.35	0.208086929	2114.154626	1
19827.58621	0.35	0.207367828	2076.096632	1
20689.65517	0.35	0.206571281	2039.244921	1
21551.72414	0.35	0.205677273	2003.760101	1
22413.7931	0.35	0.204874151	1967.791879	1
23275.86207	0.35	0.204203133	1930.985969	1
24137.93103	0.35	0.203358101	1896.249085	1
25000	0.35	0.202688388	1860.298944	1
0	0.38	0.286077914	2415.749989	1
862.0689655	0.38	0.280667432	2415.749989	1
1724.137931	0.38	0.275330886	2415.749989	1
2586.206897	0.38	0.270067675	2415.749989	1
3448.275862	0.38	0.264877197	2415.749989	1
4310.344828	0.38	0.259758854	2415.749989	1
5172.413793	0.38	0.254712045	2415.749989	1
6034.482759	0.38	0.249736172	2415.749989	1
6896.551724	0.38	0.244830637	2415.749989	1
7758.62069	0.38	0.239994843	2415.749989	1
8620.689655	0.38	0.235228192	2415.749989	1
9482.758621	0.38	0.23053009	2415.749989	1
10344.82759	0.38	0.225899941	2415.749989	1
11206.89655	0.38	0.221337152	2415.749989	1
12068.96552	0.38	0.216841129	2415.749989	1
12931.03448	0.38	0.213254662	2406.196142	1
13793.10345	0.38	0.212376123	2366.506931	1
14655.17241	0.38	0.211510848	2327.084403	1
15517.24138	0.38	0.210659498	2287.925358	1
16379.31034	0.38	0.20971139	2250.221034	1
17241.37931	0.38	0.208861114	2211.869364	1
18103.44828	0.38	0.208019393	2173.842261	1
18965.51724	0.38	0.207295261	2135.018015	1
19827.58621	0.38	0.206503211	2097.330068	1
20689.65517	0.38	0.205628376	2060.89639	1
21551.72414	0.38	0.204833899	2024.068607	1
22413.7931	0.38	0.20415198	1986.565371	1
23275.86207	0.38	0.203415918	1950.032019	1
24137.93103	0.38	0.202566994	1914.997917	1
25000	0.38	0.201937335	1878.321901	1
0	0.4	0.287343021	2415.749989	1
862.0689655	0.4	0.28190705	2415.749989	1
1724.137931	0.4	0.276545374	2415.749989	1
2586.206897	0.4	0.271257391	2415.749989	1
3448.275862	0.4	0.266042498	2415.749989	1
4310.344828	0.4	0.260900092	2415.749989	1
5172.413793	0.4	0.255829571	2415.749989	1
6034.482759	0.4	0.250830334	2415.749989	1
6896.551724	0.4	0.24590178	2415.749989	1
7758.62069	0.4	0.24104331	2415.749989	1
8620.689655	0.4	0.236254324	2415.749989	1
9482.758621	0.4	0.231534224	2415.749989	1
10344.82759	0.4	0.226882412	2415.749989	1
11206.89655	0.4	0.222298292	2415.749989	1
12068.96552	0.4	0.217781267	2415.749989	1
12931.03448	0.4	0.213330743	2415.749989	1
13793.10345	0.4	0.211669057	2384.673547	1
14655.17241	0.4	0.210819017	2344.794368	1
15517.24138	0.4	0.209885464	2306.254236	1
16379.31034	0.4	0.20903903	2267.165908	1
17241.37931	0.4	0.208201401	2228.402796	1
18103.44828	0.4	0.207371789	2189.975271	1
18965.51724	0.4	0.206672219	2150.614419	1
19827.58621	0.4	0.205895228	2112.504851	1
20689.65517	0.4	0.205022298	2075.798185	1
21551.72414	0.4	0.204238694	2038.602868	1
22413.7931	0.4	0.203583152	2000.574598	1
23275.86207	0.4	0.202759081	1964.639965	1
24137.93103	0.4	0.202103187	1927.511061	1
25000	0.4	0.201315048	1892.081543	1
0	0.42	0.288675761	2415.749989	1
862.0689655	0.42	0.283212939	2415.749989	1
1724.137931	0.42	0.277824794	2415.749989	1
2586.206897	0.42	0.272510718	2415.749989	1
3448.275862	0.42	0.267270105	2415.749989	1
4310.344828	0.42	0.262102352	2415.749989	1
5172.413793	0.42	0.257006853	2415.749989	1
6034.482759	0.42	0.251983004	2415.749989	1
6896.551724	0.42	0.247030203	2415.749989	1
7758.62069	0.42	0.242147845	2415.749989	1
8620.689655	0.42	0.237335331	2415.749989	1
9482.758621	0.42	0.232592057	2415.749989	1
10344.82759	0.42	0.227917424	2415.749989	1
11206.89655	0.42	0.223310832	2415.749989	1
12068.96552	0.42	0.218771683	2415.749989	1
12931.03448	0.42	0.214299379	2415.749989	1
13793.10345	0.42	0.210933526	2403.836894	1
14655.17241	0.42	0.210099427	2363.473667	1
15517.24138	0.42	0.209171531	2324.581617	1
16379.31034	0.42	0.208338574	2285.049045	1
17241.37931	0.42	0.207513925	2245.852759	1
18103.44828	0.42	0.206801636	2205.88416	1
18965.51724	0.42	0.206024256	2167.058565	1
19827.58621	0.42	0.205169158	2129.476142	1
20689.65517	0.42	0.204390381	2091.525186	1
21551.72414	0.42	0.203716351	2052.950673	1
22413.7931	0.42	0.202992108	2015.336406	1
23275.86207	0.42	0.202166091	1979.162347	1
24137.93103	0.42	0.201538657	1941.486627	1
25000	0.42	0.200746926	1905.838684	1
0	0.45	0.290802579	2415.749989	1
862.0689655	0.45	0.285296917	2415.749989	1
1724.137931	0.45	0.279866535	2415.749989	1
2586.206897	0.45	0.274510824	2415.749989	1
3448.275862	0.45	0.269229174	2415.749989	1
4310.344828	0.45	0.264020975	2415.749989	1
5172.413793	0.45	0.258885619	2415.749989	1
6034.482759	0.45	0.253822497	2415.749989	1
6896.551724	0.45	0.248831002	2415.749989	1
7758.62069	0.45	0.243910527	2415.749989	1
8620.689655	0.45	0.239060465	2415.749989	1
9482.758621	0.45	0.234280212	2415.749989	1
10344.82759	0.45	0.229569161	2415.749989	1
11206.89655	0.45	0.224926709	2415.749989	1
12068.96552	0.45	0.220352254	2415.749989	1
12931.03448	0.45	0.215845192	2415.749989	1
13793.10345	0.45	0.211404923	2415.749989	1
14655.17241	0.45	0.20886944	2394.485111	1
15517.24138	0.45	0.208049079	2353.899118	1
16379.31034	0.45	0.207236942	2313.657637	1
17241.37931	0.45	0.206528518	2272.71129	1
18103.44828	0.45	0.205760548	2232.877926	1
18965.51724	0.45	0.205007953	2193.326467	1
19827.58621	0.45	0.204156027	2155.27222	1
20689.65517	0.45	0.203395248	2116.68705	1
21551.72414	0.45	0.202764421	2077.212375	1
22413.7931	0.45	0.201960694	2039.963372	1
23275.86207	0.45	0.201327382	2001.444756	1
24137.93103	0.45	0.200559294	1964.720648	1
25000	0.45	0.199954451	1926.854172	1
0	0.48	0.29308395	2415.749989	1
862.0689655	0.48	0.287532342	2415.749989	1
1724.137931	0.48	0.282056664	2415.749989	1
2586.206897	0.48	0.2766563	2415.749989	1
3448.275862	0.48	0.271330636	2415.749989	1
4310.344828	0.48	0.266079058	2415.749989	1
5172.413793	0.48	0.260900953	2415.749989	1
6034.482759	0.48	0.255795709	2415.749989	1
6896.551724	0.48	0.250762713	2415.749989	1
7758.62069	0.48	0.245801353	2415.749989	1
8620.689655	0.48	0.240911018	2415.749989	1
9482.758621	0.48	0.236091099	2415.749989	1
10344.82759	0.48	0.231340985	2415.749989	1
11206.89655	0.48	0.226660069	2415.749989	1
12068.96552	0.48	0.222047741	2415.749989	1
12931.03448	0.48	0.217503395	2415.749989	1
13793.10345	0.48	0.213026426	2415.749989	1
14655.17241	0.48	0.208616227	2415.749989	1
15517.24138	0.48	0.206867291	2385.445044	1
16379.31034	0.48	0.206076501	2344.444131	1
17241.37931	0.48	0.205409725	2302.500847	1
18103.44828	0.48	0.204667747	2261.874555	1
18965.51724	0.48	0.203835635	2222.690378	1
19827.58621	0.48	0.20308785	2183.029797	1
20689.65517	0.48	0.202457198	2142.582711	1
21551.72414	0.48	0.201673756	2104.217587	1
22413.7931	0.48	0.200956988	2065.605728	1
23275.86207	0.48	0.200374009	2026.097018	1
24137.93103	0.48	0.199596627	1989.020921	1
25000	0.48	0.198948069	1951.114856	1
0	0.5	0.294691486	2415.749989	1
862.0689655	0.5	0.289107511	2415.749989	1
1724.137931	0.5	0.28359992	2415.749989	1
2586.206897	0.5	0.278168097	2415.749989	1
3448.275862	0.5	0.272811423	2415.749989	1
4310.344828	0.5	0.267529283	2415.749989	1
5172.413793	0.5	0.26232106	2415.749989	1
6034.482759	0.5	0.257186137	2415.749989	1
6896.551724	0.5	0.2521239	2415.749989	1
7758.62069	0.5	0.247133733	2415.749989	1
8620.689655	0.5	0.242215023	2415.749989	1
9482.758621	0.5	0.237367155	2415.749989	1
10344.82759	0.5	0.232589517	2415.749989	1
11206.89655	0.5	0.227881496	2415.749989	1
12068.96552	0.5	0.223242483	2415.749989	1
12931.03448	0.5	0.218671866	2415.749989	1
13793.10345	0.5	0.214169035	2415.749989	1
14655.17241	0.5	0.209733383	2415.749989	1
15517.24138	0.5	0.20604784	2407.736042	1
16379.31034	0.5	0.205374707	2365.01156	1
17241.37931	0.5	0.204636096	2323.520643	1
18103.44828	0.5	0.203912525	2282.327985	1
18965.51724	0.5	0.203080936	2242.796961	1
19827.58621	0.5	0.202439508	2201.629885	1
20689.65517	0.5	0.201749243	2161.477784	1
21551.72414	0.5	0.200964747	2122.794023	1
22413.7931	0.5	0.200362766	2082.653416	1
23275.86207	0.5	0.199613305	2044.519891	1
24137.93103	0.5	0.199039184	2005.066731	1
25000	0.5	0.198385888	1966.899899	1