Altitude	Mach	PSFC	SHP	Throttle
0	0.01	0.266677805	2684.166655	1
862.0689655	0.01	0.261663418	2684.166655	1
1724.137931	0.01	0.256717284	2684.166655	1
2586.206897	0.01	0.251838842	2684.166655	1
3448.275862	0.01	0.247027531	2684.166655	1
4310.344828	0.01	0.242282794	2684.166655	1
5172.413793	0.01	0.237604071	2684.166655	1
6034.482759	0.01	0.232990806	2684.166655	1
6896.551724	0.01	0.22844244	2684.166655	1
7758.62069	0.01	0.22395842	2684.166655	1
8620.689655	0.01	0.220358459	2674.175028	1
9482.758621	0.01	0.219350476	2633.147666	1
10344.82759	0.01	0.21835332	2592.383535	1
11206.89655	0.01	0.217366698	2551.889011	1
12068.96552	0.01	0.216496346	2510.440167	1
12931.03448	0.01	0.215551838	2470.266025	1
13793.10345	0.01	0.214621652	2430.332582	1
14655.17241	0.01	0.213706389	2390.637449	1
15517.24138	0.01	0.212706075	2352.290223	1
16379.31034	0.01	0.21179629	2313.337537	1
17241.37931	0.01	0.210896511	2274.682968	1
18103.44828	0.01	0.210104373	2235.289734	1
18965.51724	0.01	0.209253932	2196.944126	1
19827.58621	0.01	0.208421282	2158.831387	1
20689.65517	0.01	0.207484903	2122.199369	1
21551.72414	0.01	0.206644931	2084.984765	1
22413.7931	0.01	0.205947685	2046.765313	1
23275.86207	0.01	0.205061039	2010.855121	1
24137.93103	0.01	0.204367022	1973.481273	1
25000	0.01	0.203516227	1938.04943	1
0	0.05	0.266861924	2684.166655	1
862.0689655	0.05	0.261843822	2684.166655	1
1724.137931	0.05	0.256894027	2684.166655	1
2586.206897	0.05	0.252011976	2684.166655	1
3448.275862	0.05	0.247197109	2684.166655	1
4310.344828	0.05	0.242448868	2684.166655	1
5172.413793	0.05	0.237766692	2684.166655	1
6034.482759	0.05	0.233150025	2684.166655	1
6896.551724	0.05	0.228598308	2684.166655	1
7758.62069	0.05	0.224110988	2684.166655	1
8620.689655	0.05	0.22023455	2677.49942	1
9482.758621	0.05	0.219228922	2636.396633	1
10344.82759	0.05	0.218234072	2595.558465	1
11206.89655	0.05	0.217249699	2554.991332	1
12068.96552	0.05	0.216382879	2513.453623	1
12931.03448	0.05	0.215440789	2473.206312	1
13793.10345	0.05	0.21451302	2433.20051	1
14655.17241	0.05	0.213600179	2393.433728	1
15517.24138	0.05	0.21260079	2355.034075	1
16379.31034	0.05	0.211693058	2316.0156	1
17241.37931	0.05	0.210795253	2277.296874	1
18103.44828	0.05	0.210006719	2237.821235	1
18965.51724	0.05	0.209158629	2199.408862	1
19827.58621	0.05	0.208328398	2161.229439	1
20689.65517	0.05	0.207392048	2124.557962	1
21551.72414	0.05	0.206649644	2086.317561	1
22413.7931	0.05	0.205861042	2048.979694	1
23275.86207	0.05	0.204974032	2013.035192	1
24137.93103	0.05	0.204284426	1975.578334	1
25000	0.05	0.203432912	1940.116324	1
0	0.12	0.267775728	2684.166655	1
862.0689655	0.12	0.262739189	2684.166655	1
1724.137931	0.12	0.257771221	2684.166655	1
2586.206897	0.12	0.25287126	2684.166655	1
3448.275862	0.12	0.248038742	2684.166655	1
4310.344828	0.12	0.243273108	2684.166655	1
5172.413793	0.12	0.238573795	2684.166655	1
6034.482759	0.12	0.233940245	2684.166655	1
6896.551724	0.12	0.229371898	2684.166655	1
7758.62069	0.12	0.224868196	2684.166655	1
8620.689655	0.12	0.220428582	2684.166655	1
9482.758621	0.12	0.21862888	2652.53574	1
10344.82759	0.12	0.217645366	2611.329789	1
11206.89655	0.12	0.216672056	2570.402036	1
12068.96552	0.12	0.215822919	2528.419282	1
12931.03448	0.12	0.214892777	2487.807954	1
13793.10345	0.12	0.213976953	2447.442094	1
14655.17241	0.12	0.213076102	2407.318693	1
15517.24138	0.12	0.212080933	2368.662422	1
16379.31034	0.12	0.21118328	2329.31742	1
17241.37931	0.12	0.210295157	2290.280443	1
18103.44828	0.12	0.209524832	2250.39035	1
18965.51724	0.12	0.208688413	2211.645344	1
19827.58621	0.12	0.207770428	2174.177188	1
20689.65517	0.12	0.206933314	2136.2733	1
21551.72414	0.12	0.20621011	2097.629842	1
22413.7931	0.12	0.205433792	2059.969677	1
23275.86207	0.12	0.204543958	2023.865141	1
24137.93103	0.12	0.203877292	1985.984088	1
25000	0.12	0.203020775	1950.38645	1
0	0.15	0.268398563	2684.166655	1
862.0689655	0.15	0.263349459	2684.166655	1
1724.137931	0.15	0.258369105	2684.166655	1
2586.206897	0.15	0.253456936	2684.166655	1
3448.275862	0.15	0.248612388	2684.166655	1
4310.344828	0.15	0.243834899	2684.166655	1
5172.413793	0.15	0.239123907	2684.166655	1
6034.482759	0.15	0.234478849	2684.166655	1
6896.551724	0.15	0.229899167	2684.166655	1
7758.62069	0.15	0.225384299	2684.166655	1
8620.689655	0.15	0.220933689	2684.166655	1
9482.758621	0.15	0.218222959	2663.549455	1
10344.82759	0.15	0.217247076	2622.092526	1
11206.89655	0.15	0.216380114	2579.739004	1
12068.96552	0.15	0.215444275	2538.628694	1
12931.03448	0.15	0.214522226	2497.768416	1
13793.10345	0.15	0.213614504	2457.156237	1
14655.17241	0.15	0.212721795	2416.788771	1
15517.24138	0.15	0.211729135	2377.96123	1
16379.31034	0.15	0.210838247	2338.393686	1
17241.37931	0.15	0.209956607	2299.13999	1
18103.44828	0.15	0.209199027	2258.961897	1
18965.51724	0.15	0.208370572	2219.98891	1
19827.58621	0.15	0.207453916	2182.370768	1
20689.65517	0.15	0.206622627	2144.267518	1
21551.72414	0.15	0.205913071	2105.341756	1
22413.7931	0.15	0.205047957	2068.440582	1
23275.86207	0.15	0.204252434	2031.256743	1
24137.93103	0.15	0.203602507	1993.073717	1
25000	0.15	0.202838699	1956.456523	1
0	0.18	0.269160724	2684.166655	1
862.0689655	0.18	0.264096244	2684.166655	1
1724.137931	0.18	0.259100733	2684.166655	1
2586.206897	0.18	0.254173626	2684.166655	1
3448.275862	0.18	0.249314357	2684.166655	1
4310.344828	0.18	0.244522362	2684.166655	1
5172.413793	0.18	0.239797076	2684.166655	1
6034.482759	0.18	0.235137937	2684.166655	1
6896.551724	0.18	0.230544384	2684.166655	1
7758.62069	0.18	0.226015854	2684.166655	1
8620.689655	0.18	0.221551787	2684.166655	1
9482.758621	0.18	0.217729564	2677.041839	1
10344.82759	0.18	0.216762912	2635.277474	1
11206.89655	0.18	0.215910196	2592.551134	1
12068.96552	0.18	0.214984226	2551.131709	1
12931.03448	0.18	0.214072031	2509.965841	1
13793.10345	0.18	0.21317418	2469.051213	1
14655.17241	0.18	0.212193836	2429.500542	1
15517.24138	0.18	0.21130139	2389.351166	1
16379.31034	0.18	0.210418664	2349.511361	1
17241.37931	0.18	0.209544824	2309.992747	1
18103.44828	0.18	0.208803241	2269.45568	1
18965.51724	0.18	0.20798455	2230.202233	1
19827.58621	0.18	0.207068908	2192.40682	1
20689.65517	0.18	0.206244564	2154.060537	1
21551.72414	0.18	0.205552401	2114.780082	1
22413.7931	0.18	0.204687236	2077.718137	1
23275.86207	0.18	0.203996947	2039.31781	1
24137.93103	0.18	0.203168596	2002.737442	1
25000	0.18	0.202512265	1964.904146	1
0	0.22	0.270394631	2684.166655	1
862.0689655	0.22	0.265305258	2684.166655	1
1724.137931	0.22	0.260285211	2684.166655	1
2586.206897	0.22	0.25533392	2684.166655	1
3448.275862	0.22	0.250450819	2684.166655	1
4310.344828	0.22	0.245635338	2684.166655	1
5172.413793	0.22	0.240886913	2684.166655	1
6034.482759	0.22	0.236204977	2684.166655	1
6896.551724	0.22	0.231588966	2684.166655	1
7758.62069	0.22	0.227038316	2684.166655	1
8620.689655	0.22	0.222552464	2684.166655	1
9482.758621	0.22	0.218130849	2684.166655	1
10344.82759	0.22	0.215986472	2656.657663	1
11206.89655	0.22	0.215157164	2613.318018	1
12068.96552	0.22	0.214247041	2571.396015	1
12931.03448	0.22	0.213350686	2529.733128	1
13793.10345	0.22	0.212468728	2488.326362	1
14655.17241	0.22	0.211494197	2448.418052	1
15517.24138	0.22	0.210615189	2407.817001	1
16379.31034	0.22	0.209745396	2367.5367	1
17241.37931	0.22	0.20898945	2326.414082	1
18103.44828	0.22	0.208169221	2286.455142	1
18965.51724	0.22	0.207271161	2247.776343	1
19827.58621	0.22	0.20645084	2208.677909	1
20689.65517	0.22	0.205738077	2168.877615	1
21551.72414	0.22	0.204975106	2130.06187	1
22413.7931	0.22	0.2041077	2092.761776	1
23275.86207	0.22	0.203446102	2053.795365	1
24137.93103	0.22	0.20261353	2017.001622	1
25000	0.22	0.201991153	1978.565946	1
0	0.25	0.271484193	2684.166655	1
862.0689655	0.25	0.26637284	2684.166655	1
1724.137931	0.25	0.261331127	2684.166655	1
2586.206897	0.25	0.256358483	2684.166655	1
3448.275862	0.25	0.251454337	2684.166655	1
4310.344828	0.25	0.246618119	2684.166655	1
5172.413793	0.25	0.241849261	2684.166655	1
6034.482759	0.25	0.237147195	2684.166655	1
6896.551724	0.25	0.232511354	2684.166655	1
7758.62069	0.25	0.227941172	2684.166655	1
8620.689655	0.25	0.223436082	2684.166655	1
9482.758621	0.25	0.218995523	2684.166655	1
10344.82759	0.25	0.215409593	2674.314389	1
11206.89655	0.25	0.214500086	2631.68031	1
12068.96552	0.25	0.213603829	2589.312264	1
12931.03448	0.25	0.212721356	2547.208072	1
13793.10345	0.25	0.211853351	2505.364074	1
14655.17241	0.25	0.21088301	2465.149643	1
15517.24138	0.25	0.210015601	2424.149757	1
16379.31034	0.25	0.20915693	2383.48096	1
17241.37931	0.25	0.208422863	2341.84273	1
18103.44828	0.25	0.207616274	2301.475677	1
18965.51724	0.25	0.206720565	2262.526682	1
19827.58621	0.25	0.205910289	2223.070355	1
20689.65517	0.25	0.205220729	2182.767476	1
21551.72414	0.25	0.204376023	2144.564398	1
22413.7931	0.25	0.203600276	2106.071941	1
23275.86207	0.25	0.20296663	2066.573853	1
24137.93103	0.25	0.202220925	2028.683199	1
25000	0.25	0.201424455	1991.741087	1
0	0.28	0.272715296	2684.166655	1
862.0689655	0.28	0.26757911	2684.166655	1
1724.137931	0.28	0.262512917	2684.166655	1
2586.206897	0.28	0.257516146	2684.166655	1
3448.275862	0.28	0.252588222	2684.166655	1
4310.344828	0.28	0.247728574	2684.166655	1
5172.413793	0.28	0.242936629	2684.166655	1
6034.482759	0.28	0.238211818	2684.166655	1
6896.551724	0.28	0.233553571	2684.166655	1
7758.62069	0.28	0.228961318	2684.166655	1
8620.689655	0.28	0.224434492	2684.166655	1
9482.758621	0.28	0.219972526	2684.166655	1
10344.82759	0.28	0.215574855	2684.166655	1
11206.89655	0.28	0.2137664	2652.455266	1
12068.96552	0.28	0.212885679	2609.580592	1
12931.03448	0.28	0.212018784	2566.974902	1
13793.10345	0.28	0.211063342	2525.867275	1
14655.17241	0.28	0.210199712	2484.085734	1
15517.24138	0.28	0.209345099	2442.635397	1
16379.31034	0.28	0.20859805	2400.383995	1
17241.37931	0.28	0.207790392	2359.289207	1
18103.44828	0.28	0.206999265	2318.45693	1
18965.51724	0.28	0.206104569	2279.220173	1
19827.58621	0.28	0.205305162	2239.361999	1
20689.65517	0.28	0.204643662	2198.46565	1
21551.72414	0.28	0.203798336	2160.001274	1
22413.7931	0.28	0.20313621	2120.049999	1
23275.86207	0.28	0.202327092	2082.090729	1
24137.93103	0.28	0.201697846	2042.741329	1
25000	0.28	0.200989301	2004.668642	1
0	0.3	0.273615095	2684.166655	1
862.0689655	0.3	0.268460758	2684.166655	1
1724.137931	0.3	0.263376675	2684.166655	1
2586.206897	0.3	0.25836227	2684.166655	1
3448.275862	0.3	0.253416968	2684.166655	1
4310.344828	0.3	0.248540195	2684.166655	1
5172.413793	0.3	0.243731377	2684.166655	1
6034.482759	0.3	0.238989941	2684.166655	1
6896.551724	0.3	0.234315317	2684.166655	1
7758.62069	0.3	0.229706934	2684.166655	1
8620.689655	0.3	0.225164221	2684.166655	1
9482.758621	0.3	0.220686609	2684.166655	1
10344.82759	0.3	0.216273532	2684.166655	1
11206.89655	0.3	0.213235959	2667.657313	1
12068.96552	0.3	0.212366512	2624.410515	1
12931.03448	0.3	0.211510939	2581.436281	1
13793.10345	0.3	0.21055921	2540.065909	1
14655.17241	0.3	0.209705083	2497.946947	1
15517.24138	0.3	0.208859607	2456.167646	1
16379.31034	0.3	0.208129921	2413.487118	1
17241.37931	0.3	0.207333281	2372.048946	1
18103.44828	0.3	0.206456399	2331.970042	1
18965.51724	0.3	0.205658327	2291.440072	1
19827.58621	0.3	0.204968665	2250.168265	1
20689.65517	0.3	0.204226959	2209.940443	1
21551.72414	0.3	0.203379496	2171.303154	1
22413.7931	0.3	0.202738315	2130.923713	1
23275.86207	0.3	0.201925673	2092.809516	1
24137.93103	0.3	0.201321174	2053.0048	1
25000	0.3	0.200622489	2014.642116	1
0	0.32	0.274578473	2684.166655	1
862.0689655	0.32	0.269404705	2684.166655	1
1724.137931	0.32	0.264301467	2684.166655	1
2586.206897	0.32	0.259268183	2684.166655	1
3448.275862	0.32	0.254304275	2684.166655	1
4310.344828	0.32	0.249409167	2684.166655	1
5172.413793	0.32	0.244582283	2684.166655	1
6034.482759	0.32	0.23982305	2684.166655	1
6896.551724	0.32	0.235130892	2684.166655	1
7758.62069	0.32	0.230505237	2684.166655	1
8620.689655	0.32	0.225945514	2684.166655	1
9482.758621	0.32	0.221451151	2684.166655	1
10344.82759	0.32	0.217021579	2684.166655	1
11206.89655	0.32	0.212673406	2683.949849	1
12068.96552	0.32	0.21181596	2640.30285	1
12931.03448	0.32	0.21087714	2598.105926	1
13793.10345	0.32	0.210024027	2555.287762	1
14655.17241	0.32	0.209179889	2512.807573	1
15517.24138	0.32	0.208343988	2470.676446	1
16379.31034	0.32	0.207633505	2427.525549	1
17241.37931	0.32	0.20684868	2385.71729	1
18103.44828	0.32	0.205973571	2345.395972	1
18965.51724	0.32	0.20518416	2304.541793	1
19827.58621	0.32	0.204514794	2262.812559	1
20689.65517	0.32	0.203690161	2223.266998	1
21551.72414	0.32	0.202934044	2183.423138	1
22413.7931	0.32	0.202317144	2142.561818	1
23275.86207	0.32	0.201498224	2104.308553	1
24137.93103	0.32	0.200813713	2065.106764	1
25000	0.32	0.200130904	2026.361112	1
0	0.35	0.276143419	2684.166655	1
862.0689655	0.35	0.270938087	2684.166655	1
1724.137931	0.35	0.265803736	2684.166655	1
2586.206897	0.35	0.260739785	2684.166655	1
3448.275862	0.35	0.255745654	2684.166655	1
4310.344828	0.35	0.250820764	2684.166655	1
5172.413793	0.35	0.245964534	2684.166655	1
6034.482759	0.35	0.241176388	2684.166655	1
6896.551724	0.35	0.236455748	2684.166655	1
7758.62069	0.35	0.231802038	2684.166655	1
8620.689655	0.35	0.227214683	2684.166655	1
9482.758621	0.35	0.222693108	2684.166655	1
10344.82759	0.35	0.21823674	2684.166655	1
11206.89655	0.35	0.213845007	2684.166655	1
12068.96552	0.35	0.210933182	2666.149741	1
12931.03448	0.35	0.210001227	2623.478422	1
13793.10345	0.35	0.20916451	2580.05923	1
14655.17241	0.35	0.208336175	2536.992603	1
15517.24138	0.35	0.207619253	2493.042875	1
16379.31034	0.35	0.206837612	2450.349296	1
17241.37931	0.35	0.206072061	2407.93398	1
18103.44828	0.35	0.205197536	2367.244541	1
18965.51724	0.35	0.204517047	2324.781167	1
19827.58621	0.35	0.203787716	2283.358	1
20689.65517	0.35	0.202961732	2243.47733	1
21551.72414	0.35	0.202324933	2201.978141	1
22413.7931	0.35	0.201534755	2162.624144	1
23275.86207	0.35	0.200929403	2121.765611	1
24137.93103	0.35	0.200241161	2082.274723	1
25000	0.35	0.199578095	2043.002168	1
0	0.38	0.277853206	2684.166655	1
862.0689655	0.38	0.272613392	2684.166655	1
1724.137931	0.38	0.267445051	2684.166655	1
2586.206897	0.38	0.262347598	2684.166655	1
3448.275862	0.38	0.257320448	2684.166655	1
4310.344828	0.38	0.252363019	2684.166655	1
5172.413793	0.38	0.247474729	2684.166655	1
6034.482759	0.38	0.242654995	2684.166655	1
6896.551724	0.38	0.237903237	2684.166655	1
7758.62069	0.38	0.233218875	2684.166655	1
8620.689655	0.38	0.228601331	2684.166655	1
9482.758621	0.38	0.224050025	2684.166655	1
10344.82759	0.38	0.219564381	2684.166655	1
11206.89655	0.38	0.215143822	2684.166655	1
12068.96552	0.38	0.210787774	2684.166655	1
12931.03448	0.38	0.209058354	2651.263448	1
13793.10345	0.38	0.208238989	2607.187599	1
14655.17241	0.38	0.207427294	2563.481307	1
15517.24138	0.38	0.206743938	2518.675477	1
16379.31034	0.38	0.205982837	2475.309462	1
17241.37931	0.38	0.205128133	2433.530689	1
18103.44828	0.38	0.204360909	2391.173471	1
18965.51724	0.38	0.203715618	2347.881281	1
19827.58621	0.38	0.202910741	2306.911864	1
20689.65517	0.38	0.202175351	2265.618435	1
21551.72414	0.38	0.201580084	2223.253368	1
22413.7931	0.38	0.200780134	2183.631812	1
23275.86207	0.38	0.200115212	2143.013335	1
24137.93103	0.38	0.199451593	2102.87186	1
25000	0.38	0.198797659	2063.118478	1
0	0.4	0.279074119	2684.166655	1
862.0689655	0.4	0.273809685	2684.166655	1
1724.137931	0.4	0.268617074	2684.166655	1
2586.206897	0.4	0.263495698	2684.166655	1
3448.275862	0.4	0.258444972	2684.166655	1
4310.344828	0.4	0.25346431	2684.166655	1
5172.413793	0.4	0.248553126	2684.166655	1
6034.482759	0.4	0.243710837	2684.166655	1
6896.551724	0.4	0.238936859	2684.166655	1
7758.62069	0.4	0.23423061	2684.166655	1
8620.689655	0.4	0.229591507	2684.166655	1
9482.758621	0.4	0.225018971	2684.166655	1
10344.82759	0.4	0.220512421	2684.166655	1
11206.89655	0.4	0.216071279	2684.166655	1
12068.96552	0.4	0.211694966	2684.166655	1
12931.03448	0.4	0.208393833	2671.145673	1
13793.10345	0.4	0.207586485	2626.601244	1
14655.17241	0.4	0.206890102	2581.142992	1
15517.24138	0.4	0.206128246	2536.997255	1
16379.31034	0.4	0.205381882	2493.145701	1
17241.37931	0.4	0.204527319	2451.075463	1
18103.44828	0.4	0.203864237	2407.190611	1
18965.51724	0.4	0.203152406	2364.382431	1
19827.58621	0.4	0.202346347	2323.145876	1
20689.65517	0.4	0.201723782	2280.290716	1
21551.72414	0.4	0.200953708	2239.594503	1
22413.7931	0.4	0.200359552	2197.431699	1
23275.86207	0.4	0.199686427	2156.642296	1
24137.93103	0.4	0.199038124	2116.080085	1
25000	0.4	0.198398932	2075.919334	1
0	0.42	0.280360315	2684.166655	1
862.0689655	0.42	0.275069946	2684.166655	1
1724.137931	0.42	0.269851768	2684.166655	1
2586.206897	0.42	0.264705193	2684.166655	1
3448.275862	0.42	0.259629631	2684.166655	1
4310.344828	0.42	0.254624493	2684.166655	1
5172.413793	0.42	0.249689193	2684.166655	1
6034.482759	0.42	0.244823143	2684.166655	1
6896.551724	0.42	0.240025757	2684.166655	1
7758.62069	0.42	0.23529645	2684.166655	1
8620.689655	0.42	0.230634637	2684.166655	1
9482.758621	0.42	0.226039735	2684.166655	1
10344.82759	0.42	0.221511161	2684.166655	1
11206.89655	0.42	0.217048334	2684.166655	1
12068.96552	0.42	0.212650673	2684.166655	1
12931.03448	0.42	0.208317599	2684.166655	1
13793.10345	0.42	0.206906413	2647.091793	1
14655.17241	0.42	0.206234737	2600.976202	1
15517.24138	0.42	0.205488011	2556.313285	1
16379.31034	0.42	0.20465259	2513.229813	1
17241.37931	0.42	0.203900768	2469.592862	1
18103.44828	0.42	0.203263306	2425.075507	1
18965.51724	0.42	0.202567349	2381.767909	1
19827.58621	0.42	0.201757205	2340.283165	1
20689.65517	0.42	0.201164298	2296.774724	1
21551.72414	0.42	0.200388448	2255.854337	1
22413.7931	0.42	0.199734861	2214.043602	1
23275.86207	0.42	0.199169193	2171.777573	1
24137.93103	0.42	0.198532138	2130.809317	1
25000	0.42	0.197810064	2091.243508	1
0	0.45	0.282412885	2684.166655	1
862.0689655	0.45	0.277081131	2684.166655	1
1724.137931	0.45	0.271822158	2684.166655	1
2586.206897	0.45	0.266635371	2684.166655	1
3448.275862	0.45	0.261520177	2684.166655	1
4310.344828	0.45	0.256475984	2684.166655	1
5172.413793	0.45	0.251502199	2684.166655	1
6034.482759	0.45	0.246598231	2684.166655	1
6896.551724	0.45	0.241763491	2684.166655	1
7758.62069	0.45	0.236997387	2684.166655	1
8620.689655	0.45	0.232299332	2684.166655	1
9482.758621	0.45	0.227668738	2684.166655	1
10344.82759	0.45	0.223105017	2684.166655	1
11206.89655	0.45	0.218607583	2684.166655	1
12068.96552	0.45	0.214175852	2684.166655	1
12931.03448	0.45	0.20980924	2684.166655	1
13793.10345	0.45	0.205944017	2678.472924	1
14655.17241	0.45	0.205206498	2632.663438	1
15517.24138	0.45	0.204389133	2588.366193	1
16379.31034	0.45	0.203648716	2543.579738	1
17241.37931	0.45	0.203010878	2498.026584	1
18103.44828	0.45	0.202321383	2453.630138	1
18965.51724	0.45	0.201533982	2410.913608	1
19827.58621	0.45	0.200934705	2366.453118	1
20689.65517	0.45	0.200183056	2324.297233	1
21551.72414	0.45	0.199610621	2280.572936	1
22413.7931	0.45	0.198956583	2238.307421	1
23275.86207	0.45	0.198326768	2196.282699	1
24137.93103	0.45	0.197705543	2154.679181	1
25000	0.45	0.197105601	2113.362474	1
0	0.48	0.284614651	2684.166655	1
862.0689655	0.48	0.279238511	2684.166655	1
1724.137931	0.48	0.273935782	2684.166655	1
2586.206897	0.48	0.268705865	2684.166655	1
3448.275862	0.48	0.263548162	2684.166655	1
4310.344828	0.48	0.258462077	2684.166655	1
5172.413793	0.48	0.253447013	2684.166655	1
6034.482759	0.48	0.248502374	2684.166655	1
6896.551724	0.48	0.243627565	2684.166655	1
7758.62069	0.48	0.238821992	2684.166655	1
8620.689655	0.48	0.234085061	2684.166655	1
9482.758621	0.48	0.22941618	2684.166655	1
10344.82759	0.48	0.224814756	2684.166655	1
11206.89655	0.48	0.2202802	2684.166655	1
12068.96552	0.48	0.215811921	2684.166655	1
12931.03448	0.48	0.211409331	2684.166655	1
13793.10345	0.48	0.207071842	2684.166655	1
14655.17241	0.48	0.204127456	2666.69642	1
15517.24138	0.48	0.203311988	2621.823634	1
16379.31034	0.48	0.202589901	2576.241067	1
17241.37931	0.48	0.201997235	2529.545183	1
18103.44828	0.48	0.201230342	2485.553322	1
18965.51724	0.48	0.200630433	2440.017174	1
19827.58621	0.48	0.199990803	2395.502384	1
20689.65517	0.48	0.199322325	2351.856112	1
21551.72414	0.48	0.198601239	2309.336572	1
22413.7931	0.48	0.197976527	2266.207682	1
23275.86207	0.48	0.197361891	2223.490837	1
24137.93103	0.48	0.196756676	2181.195928	1
25000	0.48	0.196270407	2138.131336	1
0	0.5	0.286166122	2684.166655	1
862.0689655	0.5	0.280758709	2684.166655	1
1724.137931	0.5	0.275425151	2684.166655	1
2586.206897	0.5	0.270164846	2684.166655	1
3448.275862	0.5	0.264977192	2684.166655	1
4310.344828	0.5	0.259861591	2684.166655	1
5172.413793	0.5	0.254817441	2684.166655	1
6034.482759	0.5	0.249844145	2684.166655	1
6896.551724	0.5	0.244941103	2684.166655	1
7758.62069	0.5	0.240107718	2684.166655	1
8620.689655	0.5	0.235343393	2684.166655	1
9482.758621	0.5	0.230647533	2684.166655	1
10344.82759	0.5	0.226019543	2684.166655	1
11206.89655	0.5	0.221458827	2684.166655	1
12068.96552	0.5	0.216964795	2684.166655	1
12931.03448	0.5	0.212536852	2684.166655	1
13793.10345	0.5	0.208174408	2684.166655	1
14655.17241	0.5	0.203876874	2684.166655	1
15517.24138	0.5	0.202564376	2645.464449	1
16379.31034	0.5	0.201959813	2597.968691	1
17241.37931	0.5	0.201297325	2551.763595	1
18103.44828	0.5	0.200526606	2507.442933	1
18965.51724	0.5	0.199959902	2461.099514	1
19827.58621	0.5	0.199224359	2417.366062	1
20689.65517	0.5	0.198684389	2371.793923	1
21551.72414	0.5	0.198053177	2327.861295	1
22413.7931	0.5	0.197445212	2284.189854	1
23275.86207	0.5	0.196846063	2240.953889	1
24137.93103	0.5	0.196172826	2199.084298	1
25000	0.5	0.195687924	2155.645041	1