Altitude	Mach	PSFC	SHP	Throttle
0	0.01	0.293374923	2439.907489	1
862.0689655	0.01	0.287858545	2439.907489	1
1724.137931	0.01	0.282417254	2439.907489	1
2586.206897	0.01	0.277050431	2439.907489	1
3448.275862	0.01	0.27175746	2439.907489	1
4310.344828	0.01	0.266537727	2439.907489	1
5172.413793	0.01	0.261390618	2439.907489	1
6034.482759	0.01	0.256315518	2439.907489	1
6896.551724	0.01	0.251311816	2439.907489	1
7758.62069	0.01	0.2463789	2439.907489	1
8620.689655	0.01	0.241516161	2439.907489	1
9482.758621	0.01	0.236722989	2439.907489	1
10344.82759	0.01	0.231998777	2439.907489	1
11206.89655	0.01	0.227342918	2439.907489	1
12068.96552	0.01	0.222754807	2439.907489	1
12931.03448	0.01	0.21823384	2439.907489	1
13793.10345	0.01	0.214621652	2430.332582	1
14655.17241	0.01	0.213706389	2390.637449	1
15517.24138	0.01	0.212706075	2352.290223	1
16379.31034	0.01	0.21179629	2313.337537	1
17241.37931	0.01	0.210896511	2274.682968	1
18103.44828	0.01	0.210104373	2235.289734	1
18965.51724	0.01	0.209253932	2196.944126	1
19827.58621	0.01	0.208421282	2158.831387	1
20689.65517	0.01	0.207484903	2122.199369	1
21551.72414	0.01	0.206644931	2084.984765	1
22413.7931	0.01	0.205947685	2046.765313	1
23275.86207	0.01	0.205061039	2010.855121	1
24137.93103	0.01	0.204367022	1973.481273	1
25000	0.01	0.203516227	1938.04943	1
0	0.05	0.293577474	2439.907489	1
862.0689655	0.05	0.28805701	2439.907489	1
1724.137931	0.05	0.282611691	2439.907489	1
2586.206897	0.05	0.277240898	2439.907489	1
3448.275862	0.05	0.271944015	2439.907489	1
4310.344828	0.05	0.266720427	2439.907489	1
5172.413793	0.05	0.261569518	2439.907489	1
6034.482759	0.05	0.256490676	2439.907489	1
6896.551724	0.05	0.251483288	2439.907489	1
7758.62069	0.05	0.246546741	2439.907489	1
8620.689655	0.05	0.241680426	2439.907489	1
9482.758621	0.05	0.236883732	2439.907489	1
10344.82759	0.05	0.232156053	2439.907489	1
11206.89655	0.05	0.22749678	2439.907489	1
12068.96552	0.05	0.222905309	2439.907489	1
12931.03448	0.05	0.218381034	2439.907489	1
13793.10345	0.05	0.21451302	2433.20051	1
14655.17241	0.05	0.213600179	2393.433728	1
15517.24138	0.05	0.21260079	2355.034075	1
16379.31034	0.05	0.211693058	2316.0156	1
17241.37931	0.05	0.210795253	2277.296874	1
18103.44828	0.05	0.210006719	2237.821235	1
18965.51724	0.05	0.209158629	2199.408862	1
19827.58621	0.05	0.208328398	2161.229439	1
20689.65517	0.05	0.207392048	2124.557962	1
21551.72414	0.05	0.206649644	2086.317561	1
22413.7931	0.05	0.205861042	2048.979694	1
23275.86207	0.05	0.204974032	2013.035192	1
24137.93103	0.05	0.204284426	1975.578334	1
25000	0.05	0.203432912	1940.116324	1
0	0.12	0.294582759	2439.907489	1
862.0689655	0.12	0.289042013	2439.907489	1
1724.137931	0.12	0.283576701	2439.907489	1
2586.206897	0.12	0.278186204	2439.907489	1
3448.275862	0.12	0.272869904	2439.907489	1
4310.344828	0.12	0.267627181	2439.907489	1
5172.413793	0.12	0.262457421	2439.907489	1
6034.482759	0.12	0.257360006	2439.907489	1
6896.551724	0.12	0.252334321	2439.907489	1
7758.62069	0.12	0.247379754	2439.907489	1
8620.689655	0.12	0.24249569	2439.907489	1
9482.758621	0.12	0.237681519	2439.907489	1
10344.82759	0.12	0.23293663	2439.907489	1
11206.89655	0.12	0.228260414	2439.907489	1
12068.96552	0.12	0.223652263	2439.907489	1
12931.03448	0.12	0.219111569	2439.907489	1
13793.10345	0.12	0.214637728	2439.907489	1
14655.17241	0.12	0.213076102	2407.318693	1
15517.24138	0.12	0.212080933	2368.662422	1
16379.31034	0.12	0.21118328	2329.31742	1
17241.37931	0.12	0.210295157	2290.280443	1
18103.44828	0.12	0.209524832	2250.39035	1
18965.51724	0.12	0.208688413	2211.645344	1
19827.58621	0.12	0.207770428	2174.177188	1
20689.65517	0.12	0.206933314	2136.2733	1
21551.72414	0.12	0.20621011	2097.629842	1
22413.7931	0.12	0.205433792	2059.969677	1
23275.86207	0.12	0.204543958	2023.865141	1
24137.93103	0.12	0.203877292	1985.984088	1
25000	0.12	0.203020775	1950.38645	1
0	0.15	0.295267946	2439.907489	1
862.0689655	0.15	0.289713376	2439.907489	1
1724.137931	0.15	0.284234439	2439.907489	1
2586.206897	0.15	0.278830513	2439.907489	1
3448.275862	0.15	0.273500977	2439.907489	1
4310.344828	0.15	0.268245214	2439.907489	1
5172.413793	0.15	0.263062604	2439.907489	1
6034.482759	0.15	0.257952529	2439.907489	1
6896.551724	0.15	0.252914375	2439.907489	1
7758.62069	0.15	0.247947524	2439.907489	1
8620.689655	0.15	0.243051363	2439.907489	1
9482.758621	0.15	0.23822528	2439.907489	1
10344.82759	0.15	0.233468661	2439.907489	1
11206.89655	0.15	0.228780896	2439.907489	1
12068.96552	0.15	0.224161375	2439.907489	1
12931.03448	0.15	0.219609491	2439.907489	1
13793.10345	0.15	0.215124636	2439.907489	1
14655.17241	0.15	0.212721795	2416.788771	1
15517.24138	0.15	0.211729135	2377.96123	1
16379.31034	0.15	0.210838247	2338.393686	1
17241.37931	0.15	0.209956607	2299.13999	1
18103.44828	0.15	0.209199027	2258.961897	1
18965.51724	0.15	0.208370572	2219.98891	1
19827.58621	0.15	0.207453916	2182.370768	1
20689.65517	0.15	0.206622627	2144.267518	1
21551.72414	0.15	0.205913071	2105.341756	1
22413.7931	0.15	0.205047957	2068.440582	1
23275.86207	0.15	0.204252434	2031.256743	1
24137.93103	0.15	0.203602507	1993.073717	1
25000	0.15	0.202838699	1956.456523	1
0	0.18	0.296106407	2439.907489	1
862.0689655	0.18	0.290534922	2439.907489	1
1724.137931	0.18	0.28503931	2439.907489	1
2586.206897	0.18	0.279618951	2439.907489	1
3448.275862	0.18	0.27427322	2439.907489	1
4310.344828	0.18	0.269001498	2439.907489	1
5172.413793	0.18	0.263803164	2439.907489	1
6034.482759	0.18	0.258677599	2439.907489	1
6896.551724	0.18	0.253624184	2439.907489	1
7758.62069	0.18	0.248642303	2439.907489	1
8620.689655	0.18	0.243731339	2439.907489	1
9482.758621	0.18	0.238890677	2439.907489	1
10344.82759	0.18	0.234119704	2439.907489	1
11206.89655	0.18	0.229417807	2439.907489	1
12068.96552	0.18	0.224784373	2439.907489	1
12931.03448	0.18	0.220218794	2439.907489	1
13793.10345	0.18	0.215720461	2439.907489	1
14655.17241	0.18	0.212193836	2429.500542	1
15517.24138	0.18	0.21130139	2389.351166	1
16379.31034	0.18	0.210418664	2349.511361	1
17241.37931	0.18	0.209544824	2309.992747	1
18103.44828	0.18	0.208803241	2269.45568	1
18965.51724	0.18	0.20798455	2230.202233	1
19827.58621	0.18	0.207068908	2192.40682	1
20689.65517	0.18	0.206244564	2154.060537	1
21551.72414	0.18	0.205552401	2114.780082	1
22413.7931	0.18	0.204687236	2077.718137	1
23275.86207	0.18	0.203996947	2039.31781	1
24137.93103	0.18	0.203168596	2002.737442	1
25000	0.18	0.202512265	1964.904146	1
0	0.22	0.297463841	2439.907489	1
862.0689655	0.22	0.291864971	2439.907489	1
1724.137931	0.22	0.286342366	2439.907489	1
2586.206897	0.22	0.280895402	2439.907489	1
3448.275862	0.22	0.275523453	2439.907489	1
4310.344828	0.22	0.270225895	2439.907489	1
5172.413793	0.22	0.265002105	2439.907489	1
6034.482759	0.22	0.25985146	2439.907489	1
6896.551724	0.22	0.25477334	2439.907489	1
7758.62069	0.22	0.249767124	2439.907489	1
8620.689655	0.22	0.244832194	2439.907489	1
9482.758621	0.22	0.239967931	2439.907489	1
10344.82759	0.22	0.235173718	2439.907489	1
11206.89655	0.22	0.23044894	2439.907489	1
12068.96552	0.22	0.225792982	2439.907489	1
12931.03448	0.22	0.221205231	2439.907489	1
13793.10345	0.22	0.216685075	2439.907489	1
14655.17241	0.22	0.212231903	2439.907489	1
15517.24138	0.22	0.210615189	2407.817001	1
16379.31034	0.22	0.209745396	2367.5367	1
17241.37931	0.22	0.20898945	2326.414082	1
18103.44828	0.22	0.208169221	2286.455142	1
18965.51724	0.22	0.207271161	2247.776343	1
19827.58621	0.22	0.20645084	2208.677909	1
20689.65517	0.22	0.205738077	2168.877615	1
21551.72414	0.22	0.204975106	2130.06187	1
22413.7931	0.22	0.2041077	2092.761776	1
23275.86207	0.22	0.203446102	2053.795365	1
24137.93103	0.22	0.20261353	2017.001622	1
25000	0.22	0.201991153	1978.565946	1
0	0.25	0.298662479	2439.907489	1
862.0689655	0.25	0.293039428	2439.907489	1
1724.137931	0.25	0.287492989	2439.907489	1
2586.206897	0.25	0.282022534	2439.907489	1
3448.275862	0.25	0.276627433	2439.907489	1
4310.344828	0.25	0.271307062	2439.907489	1
5172.413793	0.25	0.266060794	2439.907489	1
6034.482759	0.25	0.260888004	2439.907489	1
6896.551724	0.25	0.255788068	2439.907489	1
7758.62069	0.25	0.250760365	2439.907489	1
8620.689655	0.25	0.245804271	2439.907489	1
9482.758621	0.25	0.240919167	2439.907489	1
10344.82759	0.25	0.236104432	2439.907489	1
11206.89655	0.25	0.231359449	2439.907489	1
12068.96552	0.25	0.226683601	2439.907489	1
12931.03448	0.25	0.22207627	2439.907489	1
13793.10345	0.25	0.217536844	2439.907489	1
14655.17241	0.25	0.213064708	2439.907489	1
15517.24138	0.25	0.210015601	2424.149757	1
16379.31034	0.25	0.20915693	2383.48096	1
17241.37931	0.25	0.208422863	2341.84273	1
18103.44828	0.25	0.207616274	2301.475677	1
18965.51724	0.25	0.206720565	2262.526682	1
19827.58621	0.25	0.205910289	2223.070355	1
20689.65517	0.25	0.205220729	2182.767476	1
21551.72414	0.25	0.204376023	2144.564398	1
22413.7931	0.25	0.203600276	2106.071941	1
23275.86207	0.25	0.20296663	2066.573853	1
24137.93103	0.25	0.202220925	2028.683199	1
25000	0.25	0.201424455	1991.741087	1
0	0.28	0.300016828	2439.907489	1
862.0689655	0.28	0.294366457	2439.907489	1
1724.137931	0.28	0.288793089	2439.907489	1
2586.206897	0.28	0.28329609	2439.907489	1
3448.275862	0.28	0.277874832	2439.907489	1
4310.344828	0.28	0.272528684	2439.907489	1
5172.413793	0.28	0.267257018	2439.907489	1
6034.482759	0.28	0.262059206	2439.907489	1
6896.551724	0.28	0.256934621	2439.907489	1
7758.62069	0.28	0.251882638	2439.907489	1
8620.689655	0.28	0.246902631	2439.907489	1
9482.758621	0.28	0.241993978	2439.907489	1
10344.82759	0.28	0.237156056	2439.907489	1
11206.89655	0.28	0.232388242	2439.907489	1
12068.96552	0.28	0.227689918	2439.907489	1
12931.03448	0.28	0.223060465	2439.907489	1
13793.10345	0.28	0.218499263	2439.907489	1
14655.17241	0.28	0.214005698	2439.907489	1
15517.24138	0.28	0.209579155	2439.907489	1
16379.31034	0.28	0.20859805	2400.383995	1
17241.37931	0.28	0.207790392	2359.289207	1
18103.44828	0.28	0.206999265	2318.45693	1
18965.51724	0.28	0.206104569	2279.220173	1
19827.58621	0.28	0.205305162	2239.361999	1
20689.65517	0.28	0.204643662	2198.46565	1
21551.72414	0.28	0.203798336	2160.001274	1
22413.7931	0.28	0.20313621	2120.049999	1
23275.86207	0.28	0.202327092	2082.090729	1
24137.93103	0.28	0.201697846	2042.741329	1
25000	0.28	0.200989301	2004.668642	1
0	0.3	0.301006705	2439.907489	1
862.0689655	0.3	0.295336368	2439.907489	1
1724.137931	0.3	0.289743317	2439.907489	1
2586.206897	0.3	0.28422692	2439.907489	1
3448.275862	0.3	0.278786544	2439.907489	1
4310.344828	0.3	0.273421556	2439.907489	1
5172.413793	0.3	0.268131327	2439.907489	1
6034.482759	0.3	0.262915227	2439.907489	1
6896.551724	0.3	0.257772626	2439.907489	1
7758.62069	0.3	0.252702897	2439.907489	1
8620.689655	0.3	0.247705413	2439.907489	1
9482.758621	0.3	0.242779548	2439.907489	1
10344.82759	0.3	0.237924677	2439.907489	1
11206.89655	0.3	0.233140177	2439.907489	1
12068.96552	0.3	0.228425425	2439.907489	1
12931.03448	0.3	0.223779801	2439.907489	1
13793.10345	0.3	0.219202684	2439.907489	1
14655.17241	0.3	0.214693456	2439.907489	1
15517.24138	0.3	0.2102515	2439.907489	1
16379.31034	0.3	0.208129921	2413.487118	1
17241.37931	0.3	0.207333281	2372.048946	1
18103.44828	0.3	0.206456399	2331.970042	1
18965.51724	0.3	0.205658327	2291.440072	1
19827.58621	0.3	0.204968665	2250.168265	1
20689.65517	0.3	0.204226959	2209.940443	1
21551.72414	0.3	0.203379496	2171.303154	1
22413.7931	0.3	0.202738315	2130.923713	1
23275.86207	0.3	0.201925673	2092.809516	1
24137.93103	0.3	0.201321174	2053.0048	1
25000	0.3	0.200622489	2014.642116	1
0	0.32	0.302066527	2439.907489	1
862.0689655	0.32	0.296374813	2439.907489	1
1724.137931	0.32	0.29076069	2439.907489	1
2586.206897	0.32	0.285223524	2439.907489	1
3448.275862	0.32	0.279762679	2439.907489	1
4310.344828	0.32	0.274377521	2439.907489	1
5172.413793	0.32	0.269067418	2439.907489	1
6034.482759	0.32	0.263831738	2439.907489	1
6896.551724	0.32	0.258669848	2439.907489	1
7758.62069	0.32	0.253581119	2439.907489	1
8620.689655	0.32	0.248564922	2439.907489	1
9482.758621	0.32	0.243620629	2439.907489	1
10344.82759	0.32	0.238747612	2439.907489	1
11206.89655	0.32	0.233945245	2439.907489	1
12068.96552	0.32	0.229212905	2439.907489	1
12931.03448	0.32	0.224549967	2439.907489	1
13793.10345	0.32	0.219955809	2439.907489	1
14655.17241	0.32	0.215429811	2439.907489	1
15517.24138	0.32	0.210971353	2439.907489	1
16379.31034	0.32	0.207633505	2427.525549	1
17241.37931	0.32	0.20684868	2385.71729	1
18103.44828	0.32	0.205973571	2345.395972	1
18965.51724	0.32	0.20518416	2304.541793	1
19827.58621	0.32	0.204514794	2262.812559	1
20689.65517	0.32	0.203690161	2223.266998	1
21551.72414	0.32	0.202934044	2183.423138	1
22413.7931	0.32	0.202317144	2142.561818	1
23275.86207	0.32	0.201498224	2104.308553	1
24137.93103	0.32	0.200813713	2065.106764	1
25000	0.32	0.200130904	2026.361112	1
0	0.35	0.303788139	2439.907489	1
862.0689655	0.35	0.298061702	2439.907489	1
1724.137931	0.35	0.292413351	2439.907489	1
2586.206897	0.35	0.286842448	2439.907489	1
3448.275862	0.35	0.281348355	2439.907489	1
4310.344828	0.35	0.275930433	2439.907489	1
5172.413793	0.35	0.270588046	2439.907489	1
6034.482759	0.35	0.265320559	2439.907489	1
6896.551724	0.35	0.260127336	2439.907489	1
7758.62069	0.35	0.255007743	2439.907489	1
8620.689655	0.35	0.249961148	2439.907489	1
9482.758621	0.35	0.244986918	2439.907489	1
10344.82759	0.35	0.240084423	2439.907489	1
11206.89655	0.35	0.235253033	2439.907489	1
12068.96552	0.35	0.23049212	2439.907489	1
12931.03448	0.35	0.225801056	2439.907489	1
13793.10345	0.35	0.221179215	2439.907489	1
14655.17241	0.35	0.216625973	2439.907489	1
15517.24138	0.35	0.212140706	2439.907489	1
16379.31034	0.35	0.207722793	2439.907489	1
17241.37931	0.35	0.206072061	2407.93398	1
18103.44828	0.35	0.205197536	2367.244541	1
18965.51724	0.35	0.204517047	2324.781167	1
19827.58621	0.35	0.203787716	2283.358	1
20689.65517	0.35	0.202961732	2243.47733	1
21551.72414	0.35	0.202324933	2201.978141	1
22413.7931	0.35	0.201534755	2162.624144	1
23275.86207	0.35	0.200929403	2121.765611	1
24137.93103	0.35	0.200241161	2082.274723	1
25000	0.35	0.199578095	2043.002168	1
0	0.38	0.305669093	2439.907489	1
862.0689655	0.38	0.299904722	2439.907489	1
1724.137931	0.38	0.294218978	2439.907489	1
2586.206897	0.38	0.288611218	2439.907489	1
3448.275862	0.38	0.283080801	2439.907489	1
4310.344828	0.38	0.277627084	2439.907489	1
5172.413793	0.38	0.272249427	2439.907489	1
6034.482759	0.38	0.266947189	2439.907489	1
6896.551724	0.38	0.261719733	2439.907489	1
7758.62069	0.38	0.25656642	2439.907489	1
8620.689655	0.38	0.251486612	2439.907489	1
9482.758621	0.38	0.246479675	2439.907489	1
10344.82759	0.38	0.241544973	2439.907489	1
11206.89655	0.38	0.236681873	2439.907489	1
12068.96552	0.38	0.231889741	2439.907489	1
12931.03448	0.38	0.227167946	2439.907489	1
13793.10345	0.38	0.222515859	2439.907489	1
14655.17241	0.38	0.217932849	2439.907489	1
15517.24138	0.38	0.213418291	2439.907489	1
16379.31034	0.38	0.208971556	2439.907489	1
17241.37931	0.38	0.205128133	2433.530689	1
18103.44828	0.38	0.204360909	2391.173471	1
18965.51724	0.38	0.203715618	2347.881281	1
19827.58621	0.38	0.202910741	2306.911864	1
20689.65517	0.38	0.202175351	2265.618435	1
21551.72414	0.38	0.201580084	2223.253368	1
22413.7931	0.38	0.200780134	2183.631812	1
23275.86207	0.38	0.200115212	2143.013335	1
24137.93103	0.38	0.199451593	2102.87186	1
25000	0.38	0.198797659	2063.118478	1
0	0.4	0.307012232	2439.907489	1
862.0689655	0.4	0.301220776	2439.907489	1
1724.137931	0.4	0.295508332	2439.907489	1
2586.206897	0.4	0.289874255	2439.907489	1
3448.275862	0.4	0.284317901	2439.907489	1
4310.344828	0.4	0.278838625	2439.907489	1
5172.413793	0.4	0.273435782	2439.907489	1
6034.482759	0.4	0.268108732	2439.907489	1
6896.551724	0.4	0.262856831	2439.907489	1
7758.62069	0.4	0.257679439	2439.907489	1
8620.689655	0.4	0.252575915	2439.907489	1
9482.758621	0.4	0.247545622	2439.907489	1
10344.82759	0.4	0.242587922	2439.907489	1
11206.89655	0.4	0.237702177	2439.907489	1
12068.96552	0.4	0.232887752	2439.907489	1
12931.03448	0.4	0.228144012	2439.907489	1
13793.10345	0.4	0.223470325	2439.907489	1
14655.17241	0.4	0.218866059	2439.907489	1
15517.24138	0.4	0.214330583	2439.907489	1
16379.31034	0.4	0.209863267	2439.907489	1
17241.37931	0.4	0.205463484	2439.907489	1
18103.44828	0.4	0.203864237	2407.190611	1
18965.51724	0.4	0.203152406	2364.382431	1
19827.58621	0.4	0.202346347	2323.145876	1
20689.65517	0.4	0.201723782	2280.290716	1
21551.72414	0.4	0.200953708	2239.594503	1
22413.7931	0.4	0.200359552	2197.431699	1
23275.86207	0.4	0.199686427	2156.642296	1
24137.93103	0.4	0.199038124	2116.080085	1
25000	0.4	0.198398932	2075.919334	1
0	0.42	0.308427189	2439.907489	1
862.0689655	0.42	0.302607201	2439.907489	1
1724.137931	0.42	0.296866631	2439.907489	1
2586.206897	0.42	0.291204833	2439.907489	1
3448.275862	0.42	0.285621156	2439.907489	1
4310.344828	0.42	0.280114954	2439.907489	1
5172.413793	0.42	0.274685581	2439.907489	1
6034.482759	0.42	0.269332391	2439.907489	1
6896.551724	0.42	0.264054738	2439.907489	1
7758.62069	0.42	0.25885198	2439.907489	1
8620.689655	0.42	0.253723473	2439.907489	1
9482.758621	0.42	0.248668575	2439.907489	1
10344.82759	0.42	0.243686646	2439.907489	1
11206.89655	0.42	0.238777045	2439.907489	1
12068.96552	0.42	0.233939135	2439.907489	1
12931.03448	0.42	0.229172276	2439.907489	1
13793.10345	0.42	0.224475834	2439.907489	1
14655.17241	0.42	0.219849173	2439.907489	1
15517.24138	0.42	0.215291659	2439.907489	1
16379.31034	0.42	0.210802661	2439.907489	1
17241.37931	0.42	0.206381546	2439.907489	1
18103.44828	0.42	0.203263306	2425.075507	1
18965.51724	0.42	0.202567349	2381.767909	1
19827.58621	0.42	0.201757205	2340.283165	1
20689.65517	0.42	0.201164298	2296.774724	1
21551.72414	0.42	0.200388448	2255.854337	1
22413.7931	0.42	0.199734861	2214.043602	1
23275.86207	0.42	0.199169193	2171.777573	1
24137.93103	0.42	0.198532138	2130.809317	1
25000	0.42	0.197810064	2091.243508	1
0	0.45	0.310685242	2439.907489	1
862.0689655	0.45	0.304819726	2439.907489	1
1724.137931	0.45	0.299034277	2439.907489	1
2586.206897	0.45	0.293328241	2439.907489	1
3448.275862	0.45	0.287700965	2439.907489	1
4310.344828	0.45	0.282151797	2439.907489	1
5172.413793	0.45	0.276680087	2439.907489	1
6034.482759	0.45	0.271285183	2439.907489	1
6896.551724	0.45	0.265966436	2439.907489	1
7758.62069	0.45	0.260723198	2439.907489	1
8620.689655	0.45	0.255554821	2439.907489	1
9482.758621	0.45	0.250460658	2439.907489	1
10344.82759	0.45	0.245440062	2439.907489	1
11206.89655	0.45	0.240492391	2439.907489	1
12068.96552	0.45	0.235616999	2439.907489	1
12931.03448	0.45	0.230813245	2439.907489	1
13793.10345	0.45	0.226080487	2439.907489	1
14655.17241	0.45	0.221418086	2439.907489	1
15517.24138	0.45	0.216825402	2439.907489	1
16379.31034	0.45	0.212301798	2439.907489	1
17241.37931	0.45	0.207846639	2439.907489	1
18103.44828	0.45	0.203459289	2439.907489	1
18965.51724	0.45	0.201533982	2410.913608	1
19827.58621	0.45	0.200934705	2366.453118	1
20689.65517	0.45	0.200183056	2324.297233	1
21551.72414	0.45	0.199610621	2280.572936	1
22413.7931	0.45	0.198956583	2238.307421	1
23275.86207	0.45	0.198326768	2196.282699	1
24137.93103	0.45	0.197705543	2154.679181	1
25000	0.45	0.197105601	2113.362474	1
0	0.48	0.313107427	2439.907489	1
862.0689655	0.48	0.307193082	2439.907489	1
1724.137931	0.48	0.301359496	2439.907489	1
2586.206897	0.48	0.295606012	2439.907489	1
3448.275862	0.48	0.289931972	2439.907489	1
4310.344828	0.48	0.284336719	2439.907489	1
5172.413793	0.48	0.278819597	2439.907489	1
6034.482759	0.48	0.27337995	2439.907489	1
6896.551724	0.48	0.268017124	2439.907489	1
7758.62069	0.48	0.262730465	2439.907489	1
8620.689655	0.48	0.257519319	2439.907489	1
9482.758621	0.48	0.252383036	2439.907489	1
10344.82759	0.48	0.247320964	2439.907489	1
11206.89655	0.48	0.242332453	2439.907489	1
12068.96552	0.48	0.237416855	2439.907489	1
12931.03448	0.48	0.232573521	2439.907489	1
13793.10345	0.48	0.227801806	2439.907489	1
14655.17241	0.48	0.223101064	2439.907489	1
15517.24138	0.48	0.21847065	2439.907489	1
16379.31034	0.48	0.213909923	2439.907489	1
17241.37931	0.48	0.209418241	2439.907489	1
18103.44828	0.48	0.204994963	2439.907489	1
18965.51724	0.48	0.200639452	2439.907489	1
19827.58621	0.48	0.199990803	2395.502384	1
20689.65517	0.48	0.199322325	2351.856112	1
21551.72414	0.48	0.198601239	2309.336572	1
22413.7931	0.48	0.197976527	2266.207682	1
23275.86207	0.48	0.197361891	2223.490837	1
24137.93103	0.48	0.196756676	2181.195928	1
25000	0.48	0.196270407	2138.131336	1
0	0.5	0.314814216	2439.907489	1
862.0689655	0.5	0.308865467	2439.907489	1
1724.137931	0.5	0.302997966	2439.907489	1
2586.206897	0.5	0.297211051	2439.907489	1
3448.275862	0.5	0.291504062	2439.907489	1
4310.344828	0.5	0.285876337	2439.907489	1
5172.413793	0.5	0.280327218	2439.907489	1
6034.482759	0.5	0.274856045	2439.907489	1
6896.551724	0.5	0.269462159	2439.907489	1
7758.62069	0.5	0.264144904	2439.907489	1
8620.689655	0.5	0.258903623	2439.907489	1
9482.758621	0.5	0.25373766	2439.907489	1
10344.82759	0.5	0.248646362	2439.907489	1
11206.89655	0.5	0.243629073	2439.907489	1
12068.96552	0.5	0.238685142	2439.907489	1
12931.03448	0.5	0.233813918	2439.907489	1
13793.10345	0.5	0.22901475	2439.907489	1
14655.17241	0.5	0.22428699	2439.907489	1
15517.24138	0.5	0.219629989	2439.907489	1
16379.31034	0.5	0.215043101	2439.907489	1
17241.37931	0.5	0.210525681	2439.907489	1
18103.44828	0.5	0.206077085	2439.907489	1
18965.51724	0.5	0.20169667	2439.907489	1
19827.58621	0.5	0.199224359	2417.366062	1
20689.65517	0.5	0.198684389	2371.793923	1
21551.72414	0.5	0.198053177	2327.861295	1
22413.7931	0.5	0.197445212	2284.189854	1
23275.86207	0.5	0.196846063	2240.953889	1
24137.93103	0.5	0.196172826	2199.084298	1
25000	0.5	0.195687924	2155.645041	1